subj,run,item,list,category,sentence,joke ending,nonjoke ending,displayed,response,RT,question onset
0.0000,8.000,2,145,1,joke,The only person who sticks closer to you in adversity than a friend is a,creditor,spouse,The only person who sticks closer to you in adversity than a friend is a creditor.,<VisionEgg.WrappedText.WrappedText object at 0x11367d8c0>
8.0000,8.000,2,96,1,nonjoke,"When the kid came into the store and asked for empty boxes, the owner gave him the",register,crate,"When the kid came into the store and asked for empty boxes, the owner gave him the crate.",<VisionEgg.WrappedText.WrappedText object at 0x11367d9b0>
16.0000,4.000,fix
20.0000,8.000,2,25,1,joke,The only thing money can't buy is,poverty,generosity,The only thing money can't buy is poverty.,<VisionEgg.WrappedText.WrappedText object at 0x11367d960>
28.0000,4.000,fix
32.0000,8.000,2,29,1,joke,My doctor has never violated his oath: the oath he took years ago to become a,millionaire,practitioner,My doctor has never violated his oath: the oath he took years ago to become a millionaire.,<VisionEgg.WrappedText.WrappedText object at 0x11367da50>
40.0000,8.000,2,44,1,nonjoke,The only place where you can find people who spend all their time minding their own business is the ,cemetery,bank,The only place where you can find people who spend all their time minding their own business is the bank.,<VisionEgg.WrappedText.WrappedText object at 0x11367da00>
48.0000,2.000,fix
50.0000,8.000,2,71,1,joke,Save the whales; start a,collection,coalition,Save the whales; start a collection.,<VisionEgg.WrappedText.WrappedText object at 0x11367daa0>
58.0000,4.000,fix
62.0000,8.000,2,53,1,joke,"By the time Mary had her fourteenth child, she'd run out of names to call her ",husband,offspring,"By the time Mary had her fourteenth child, she'd run out of names to call her husband.",<VisionEgg.WrappedText.WrappedText object at 0x11367db40>
70.0000,8.000,2,17,1,joke,A committee keeps minutes and takes,hours,votes,A committee keeps minutes and takes hours.,<VisionEgg.WrappedText.WrappedText object at 0x11367db90>
78.0000,8.000,2,38,1,nonjoke,This fall two things are turning yellow: trees and,investors,bushes,This fall two things are turning yellow: trees and bushes.,<VisionEgg.WrappedText.WrappedText object at 0x11367dbe0>
86.0000,2.000,fix
88.0000,8.000,2,150,1,nonjoke,One way to keep pornography away from teenagers is to put it in a,textbook,cabinet,One way to keep pornography away from teenagers is to put it in a cabinet.,<VisionEgg.WrappedText.WrappedText object at 0x11367daf0>
96.0000,8.000,2,61,1,joke,"For great vacation, put the kids in the back seat, and take a ",cruise,freeway,"For great vacation, put the kids in the back seat, and take a cruise.",<VisionEgg.WrappedText.WrappedText object at 0x11367dc80>
104.0000,2.000,fix
106.0000,8.000,2,82,1,nonjoke,"When it comes to keeping warm, nothing beats a thermal",brunette,parka,"When it comes to keeping warm, nothing beats a thermal parka.",<VisionEgg.WrappedText.WrappedText object at 0x11367dc30>
114.0000,8.000,2,8,1,nonjoke,Last Thanksgiving my wife spent all morning in the kitchen stuffing the,kids,bird,Last Thanksgiving my wife spent all morning in the kitchen stuffing the bird.,<VisionEgg.WrappedText.WrappedText object at 0x11367dcd0>
122.0000,8.000,2,27,1,joke,"Once a week they hold a bingo game, and all the proceeds go to fight",gambling,disease,"Once a week they hold a bingo game, and all the proceeds go to fight gambling.",<VisionEgg.WrappedText.WrappedText object at 0x11367dd20>
130.0000,8.000,2,70,1,nonjoke,The best gift for the man who has everything is,penicillin,neckties,The best gift for the man who has everything is neckties.,<VisionEgg.WrappedText.WrappedText object at 0x11367ddc0>
138.0000,8.000,2,5,1,joke,She read so much about the bad effects of cigarettes she decided to give up the,reading,habit,She read so much about the bad effects of cigarettes she decided to give up the reading.,<VisionEgg.WrappedText.WrappedText object at 0x11367dd70>
146.0000,2.000,fix
148.0000,8.000,2,39,1,joke,The best way to remove coffee stains from a white blouse is with,scissors,detergent,The best way to remove coffee stains from a white blouse is with scissors.,<VisionEgg.WrappedText.WrappedText object at 0x11367de10>
156.0000,6.000,fix
162.0000,8.000,2,107,1,joke,The difference between a good speaker and a bad one is often a nice,nap,diction,The difference between a good speaker and a bad one is often a nice nap.,<VisionEgg.WrappedText.WrappedText object at 0x11367deb0>
170.0000,8.000,2,19,1,joke,"I decided to start saving for a rainy day, so I went to a savings and loan and deposited my",umbrella,pay,"I decided to start saving for a rainy day, so I went to a savings and loan and deposited my umbrella.",<VisionEgg.WrappedText.WrappedText object at 0x11367de60>
178.0000,8.000,2,90,1,nonjoke,A vacation is the shortest distance between two,paychecks,locations,A vacation is the shortest distance between two locations.,<VisionEgg.WrappedText.WrappedText object at 0x11367df00>
186.0000,8.000,2,76,1,nonjoke,"Parents support clubs for teenagers, especially when they lack other forms of",punishment,diversion,"Parents support clubs for teenagers, especially when they lack other forms of diversion.",<VisionEgg.WrappedText.WrappedText object at 0x11367df50>
194.0000,8.000,2,97,1,joke,"When I found out how much my wife spent on dresses last year, I dumped her and proposed to the",dressmaker,mistress,"When I found out how much my wife spent on dresses last year, I dumped her and proposed to the dressmaker.",<VisionEgg.WrappedText.WrappedText object at 0x11367dfa0>
202.0000,8.000,fix
210.0000,8.000,2,64,1,nonjoke,The best way to stop an elephant from charging is to cut off its,credit,toes,The best way to stop an elephant from charging is to cut off its toes.,<VisionEgg.WrappedText.WrappedText object at 0x11685b050>
218.0000,8.000,2,43,1,joke,"I asked him if he started out as an editor, and he said that years ago he used to be a ",boy,journalist,"I asked him if he started out as an editor, and he said that years ago he used to be a boy.",<VisionEgg.WrappedText.WrappedText object at 0x11685b0a0>
226.0000,2.000,fix
228.0000,8.000,2,112,1,nonjoke,The art museum just acquired an early Rembrandt; it's done in ,Crayola,charcoal,The art museum just acquired an early Rembrandt; it's done in charcoal.,<VisionEgg.WrappedText.WrappedText object at 0x11685b0f0>
236.0000,12.000,fix
248.0000,8.000,2,60,1,nonjoke,Another thing a small boy is constantly outgrowing is his,allowance,underwear,Another thing a small boy is constantly outgrowing is his underwear.,<VisionEgg.WrappedText.WrappedText object at 0x11685b140>
256.0000,2.000,fix
258.0000,8.000,2,135,1,joke,"My mechanic couldn't fix my brakes, so he fixed my",horn,clutch,"My mechanic couldn't fix my brakes, so he fixed my horn.",<VisionEgg.WrappedText.WrappedText object at 0x11685b190>
266.0000,8.000,fix
274.0000,8.000,2,110,1,nonjoke,It's not hard to meet expenses; they're ,everywhere,affordable,It's not hard to meet expenses; they're affordable.,<VisionEgg.WrappedText.WrappedText object at 0x11685b1e0>
282.0000,20.000,fix
302.0000,8.000,2,149,1,joke,"She asked what state he was born in, and he said in the ",nude,East,"She asked what state he was born in, and he said in the nude.",<VisionEgg.WrappedText.WrappedText object at 0x11685b230>
310.0000,2.000,fix
312.0000,8.000,2,109,1,joke,Many a freshman helps the college of his choice by becoming a ,dropout,member,Many a freshman helps the college of his choice by becoming a dropout.,<VisionEgg.WrappedText.WrappedText object at 0x11685b280>
320.0000,8.000,2,155,1,joke,The show had one act that was really offbeat: the,singer,clowns,The show had one act that was really offbeat: the singer.,<VisionEgg.WrappedText.WrappedText object at 0x11685b2d0>
328.0000,4.000,fix
332.0000,8.000,2,22,1,nonjoke,Our son brought home a note from school saying they need a written excuse for his,presence,tardiness,Our son brought home a note from school saying they need a written excuse for his tardiness.,<VisionEgg.WrappedText.WrappedText object at 0x11685b320>
340.0000,2.000,fix
342.0000,8.000,2,75,1,joke,"When reviewing your notes for a test, the most important ones will be",illegible,capitalized,"When reviewing your notes for a test, the most important ones will be illegible.",<VisionEgg.WrappedText.WrappedText object at 0x11685b370>
350.0000,8.000,2,58,1,nonjoke,The woman who has her husband eating out of her hand must save a lot of,dishwashing,heartbreak,The woman who has her husband eating out of her hand must save a lot of heartbreak.,<VisionEgg.WrappedText.WrappedText object at 0x11685b3c0>
358.0000,2.000,fix
360.0000,8.000,2,111,1,joke,"Some husbands are good providers, but only if you count",children,salary,"Some husbands are good providers, but only if you count children.",<VisionEgg.WrappedText.WrappedText object at 0x11685b460>
368.0000,8.000,fix
376.0000,8.000,2,57,1,joke,"Congress taxes our income, our property, and our",patience,purchases,"Congress taxes our income, our property, and our patience.",<VisionEgg.WrappedText.WrappedText object at 0x11685b410>
384.0000,12.000,fix
396.0000,8.000,2,24,1,nonjoke,"Where I'm from, the two most common elements are hydrogen and ",stupidity,nitrogen,"Where I'm from, the two most common elements are hydrogen and nitrogen.",<VisionEgg.WrappedText.WrappedText object at 0x11685b4b0>
404.0000,20.000,fix
424.0000,8.000,2,142,1,nonjoke,She's happy because she finally has a boyfriend who gets along with her,fianc_,father,She's happy because she finally has a boyfriend who gets along with her father.,<VisionEgg.WrappedText.WrappedText object at 0x11685b500>
432.0000,8.000,2,16,1,nonjoke,Many a man's idea of a vacation is to rest quietly in the shade of a ,blonde,palm,Many a man's idea of a vacation is to rest quietly in the shade of a palm.,<VisionEgg.WrappedText.WrappedText object at 0x11685b550>
440.0000,8.000,2,127,1,joke,The penalty for dishonesty is the disgrace of dying,rich,unloved,The penalty for dishonesty is the disgrace of dying rich.,<VisionEgg.WrappedText.WrappedText object at 0x11685b5f0>
448.0000,2.000,fix
450.0000,8.000,2,35,1,joke,"Now that the Hollywood couple has ironed out the divorce settlement, they can finally go ahead with their",nuptials,careers,"Now that the Hollywood couple has ironed out the divorce settlement, they can finally go ahead with their nuptials.",<VisionEgg.WrappedText.WrappedText object at 0x11685b5a0>
458.0000,4.000,fix
462.0000,8.000,2,115,1,joke,"In the game of golf, nothing counts as much as your",opponent,drives,"In the game of golf, nothing counts as much as your opponent.",<VisionEgg.WrappedText.WrappedText object at 0x11685b640>
470.0000,2.000,fix
472.0000,8.000,2,118,1,nonjoke,Cocktails lounges are usually half lit to match the,patrons,setting,Cocktails lounges are usually half lit to match the setting.,<VisionEgg.WrappedText.WrappedText object at 0x11685b6e0>
480.0000,6.000,fix
486.0000,8.000,2,48,1,nonjoke,"The new tax forms are more realistic: where your wife signs, it says","""accomplice""","""partner""","The new tax forms are more realistic: where your wife signs, it says ""partner"".",<VisionEgg.WrappedText.WrappedText object at 0x11685b690>
494.0000,8.000,2,52,1,nonjoke,My wife did natural childbirth: no,makeup,anesthetic,My wife did natural childbirth: no anesthetic.,<VisionEgg.WrappedText.WrappedText object at 0x11685b780>
502.0000,2.000,fix
504.0000,8.000,2,78,1,nonjoke,My brother-in-law enjoys fixing things around the house so much he spent an hour last night just fixing our,drinks,stove,My brother-in-law enjoys fixing things around the house so much he spent an hour last night just fixing our stove.,<VisionEgg.WrappedText.WrappedText object at 0x11685b7d0>
512.0000,8.000,2,140,1,nonjoke,You can keep your kids in hot water with ,dishes,rules,You can keep your kids in hot water with rules.,<VisionEgg.WrappedText.WrappedText object at 0x11685b820>
520.0000,8.000,2,152,1,nonjoke,"Many things run in families, especially",noses,strength,"Many things run in families, especially strength.",<VisionEgg.WrappedText.WrappedText object at 0x11685b870>
528.0000,2.000,fix
530.0000,8.000,2,103,1,joke,"I still miss my ex-wife, but I am improving my",aim,ego,"I still miss my ex-wife, but I am improving my aim.",<VisionEgg.WrappedText.WrappedText object at 0x11685b8c0>
538.0000,4.000,fix
542.0000,8.000,2,102,1,nonjoke,We live in a lovely suburb; it's just two miles beyond our,income,town,We live in a lovely suburb; it's just two miles beyond our town.,<VisionEgg.WrappedText.WrappedText object at 0x11685b910>
550.0000,8.000,2,134,1,nonjoke,My church welcomes all denominations but prefers,twenties,Mormons,My church welcomes all denominations but prefers Mormons.,<VisionEgg.WrappedText.WrappedText object at 0x11685b960>
558.0000,2.000,fix
560.0000,8.000,2,69,1,joke,"When an irresistible force meets an immovable object, you get two very angry",women,entities,"When an irresistible force meets an immovable object, you get two very angry women.",<VisionEgg.WrappedText.WrappedText object at 0x11685b9b0>
568.0000,2.000,fix
KAN_RHnonlit_10,2,145,1,joke,The only person who sticks closer to you in adversity than a friend is a,creditor,spouse,The only person who sticks closer to you in adversity than a friend is a creditor.,4,1.5903229713439941,6.001504182815552
KAN_RHnonlit_10,2,96,1,nonjoke,"When the kid came into the store and asked for empty boxes, the owner gave him the",register,crate,"When the kid came into the store and asked for empty boxes, the owner gave him the crate.",1,1.4397258758544922,14.003435134887695
KAN_RHnonlit_10,2,25,1,joke,The only thing money can't buy is,poverty,generosity,The only thing money can't buy is poverty.,2,0.8370311260223389,26.006273984909058
KAN_RHnonlit_10,2,29,1,joke,My doctor has never violated his oath: the oath he took years ago to become a,millionaire,practitioner,My doctor has never violated his oath: the oath he took years ago to become a millionaire.,,,38.0092511177063
KAN_RHnonlit_10,2,44,1,nonjoke,The only place where you can find people who spend all their time minding their own business is the ,cemetery,bank,The only place where you can find people who spend all their time minding their own business is the bank.,2,1.3894398212432861,46.011128187179565
KAN_RHnonlit_10,2,71,1,joke,Save the whales; start a,collection,coalition,Save the whales; start a collection.,2,1.0211570262908936,56.0052011013031
KAN_RHnonlit_10,2,53,1,joke,"By the time Mary had her fourteenth child, she'd run out of names to call her ",husband,offspring,"By the time Mary had her fourteenth child, she'd run out of names to call her husband.",4,1.1384389400482178,68.00802206993103
KAN_RHnonlit_10,2,17,1,joke,A committee keeps minutes and takes,hours,votes,A committee keeps minutes and takes hours.,2,0.636193037033081,76.00994801521301
KAN_RHnonlit_10,2,38,1,nonjoke,This fall two things are turning yellow: trees and,investors,bushes,This fall two things are turning yellow: trees and bushes.,1,0.7533168792724609,84.01196312904358
KAN_RHnonlit_10,2,150,1,nonjoke,One way to keep pornography away from teenagers is to put it in a,textbook,cabinet,One way to keep pornography away from teenagers is to put it in a cabinet.,1,1.288964033126831,94.00597810745239
KAN_RHnonlit_10,2,61,1,joke,"For great vacation, put the kids in the back seat, and take a ",cruise,freeway,"For great vacation, put the kids in the back seat, and take a cruise.",2,1.1717848777770996,102.0079071521759
KAN_RHnonlit_10,2,82,1,nonjoke,"When it comes to keeping warm, nothing beats a thermal",brunette,parka,"When it comes to keeping warm, nothing beats a thermal parka.",1,0.7533750534057617,112.00188899040222
KAN_RHnonlit_10,2,8,1,nonjoke,Last Thanksgiving my wife spent all morning in the kitchen stuffing the,kids,bird,Last Thanksgiving my wife spent all morning in the kitchen stuffing the bird.,2,1.272386074066162,120.00381302833557
KAN_RHnonlit_10,2,27,1,joke,"Once a week they hold a bingo game, and all the proceeds go to fight",gambling,disease,"Once a week they hold a bingo game, and all the proceeds go to fight gambling.",3,0.7533090114593506,128.00581002235413
KAN_RHnonlit_10,2,70,1,nonjoke,The best gift for the man who has everything is,penicillin,neckties,The best gift for the man who has everything is neckties.,1,1.2387259006500244,136.007737159729
KAN_RHnonlit_10,2,5,1,joke,She read so much about the bad effects of cigarettes she decided to give up the,reading,habit,She read so much about the bad effects of cigarettes she decided to give up the reading.,3,0.5189011096954346,144.00971508026123
KAN_RHnonlit_10,2,39,1,joke,The best way to remove coffee stains from a white blouse is with,scissors,detergent,The best way to remove coffee stains from a white blouse is with scissors.,2,1.021117925643921,154.00374507904053
KAN_RHnonlit_10,2,107,1,joke,The difference between a good speaker and a bad one is often a nice,nap,diction,The difference between a good speaker and a bad one is often a nice nap.,3,1.757734775543213,168.0153841972351
KAN_RHnonlit_10,2,19,1,joke,"I decided to start saving for a rainy day, so I went to a savings and loan and deposited my",umbrella,pay,"I decided to start saving for a rainy day, so I went to a savings and loan and deposited my umbrella.",,,176.0005660057068
KAN_RHnonlit_10,2,90,1,nonjoke,A vacation is the shortest distance between two,paychecks,locations,A vacation is the shortest distance between two locations.,2,2.394008159637451,184.00251007080078
KAN_RHnonlit_10,2,76,1,nonjoke,"Parents support clubs for teenagers, especially when they lack other forms of",punishment,diversion,"Parents support clubs for teenagers, especially when they lack other forms of diversion.",2,1.9586760997772217,192.00444197654724
KAN_RHnonlit_10,2,97,1,joke,"When I found out how much my wife spent on dresses last year, I dumped her and proposed to the",dressmaker,mistress,"When I found out how much my wife spent on dresses last year, I dumped her and proposed to the dressmaker.",3,0.38503503799438477,200.00644397735596
KAN_RHnonlit_10,2,64,1,nonjoke,The best way to stop an elephant from charging is to cut off its,credit,toes,The best way to stop an elephant from charging is to cut off its toes.,1,1.2723760604858398,216.01022601127625
KAN_RHnonlit_10,2,43,1,joke,"I asked him if he started out as an editor, and he said that years ago he used to be a ",boy,journalist,"I asked him if he started out as an editor, and he said that years ago he used to be a boy.",2,0.653007984161377,224.01215815544128
KAN_RHnonlit_10,2,112,1,nonjoke,The art museum just acquired an early Rembrandt; it's done in ,Crayola,charcoal,The art museum just acquired an early Rembrandt; it's done in charcoal.,,,234.0063180923462
KAN_RHnonlit_10,2,60,1,nonjoke,Another thing a small boy is constantly outgrowing is his,allowance,underwear,Another thing a small boy is constantly outgrowing is his underwear.,1,0.35155487060546875,254.01106715202332
KAN_RHnonlit_10,2,135,1,joke,"My mechanic couldn't fix my brakes, so he fixed my",horn,clutch,"My mechanic couldn't fix my brakes, so he fixed my horn.",3,0.8201708793640137,264.0051691532135
KAN_RHnonlit_10,2,110,1,nonjoke,It's not hard to meet expenses; they're ,everywhere,affordable,It's not hard to meet expenses; they're affordable.,2,1.3225388526916504,280.00894713401794
KAN_RHnonlit_10,2,149,1,joke,"She asked what state he was born in, and he said in the ",nude,East,"She asked what state he was born in, and he said in the nude.",3,0.46871209144592285,308.01575899124146
KAN_RHnonlit_10,2,109,1,joke,Many a freshman helps the college of his choice by becoming a ,dropout,member,Many a freshman helps the college of his choice by becoming a dropout.,2,1.3056960105895996,318.00981616973877
